8.853228337665850489e-01
2.431864749205487480e-02
9.360427353484952473e-01
3.079045924281546553e-01
8.992346872819589887e-01
8.545298737233224529e-01
9.503260101768161092e-03
8.261243093219265976e-01
9.690852498914207525e-01
7.814909388089769093e-01
8.605797212049901557e-01
9.602279745712428705e-01
9.394431989627424207e-01
8.854680947172159922e-01
7.909708477694968876e-01
1.859956962653342982e-01
8.117820446985180016e-01
9.152733895504981954e-01
9.200435509394125910e-01
5.539568794113963746e-01
5.462132070704218689e-01
8.030997189433322983e-03
5.939198474424004642e-02
8.488548091935008144e-02
8.790330583782168805e-01
8.558707129468003938e-01
4.044730200655218683e-02
9.044692222288912564e-01
8.027132620566869159e-01
9.056548144030786007e-01
7.667262317907606040e-01
9.262740794206167916e-01
8.164439833959481474e-01
2.801775226604658053e-03
8.358240832136298870e-01
6.890524384969830551e-01
2.080065696828853061e-01
7.603436797099594191e-01
6.939691766518882865e-01
1.853513218243806049e-02
7.263281715179706888e-01
4.349058086432670001e-01
9.651417233747336955e-01
4.429954534015728609e-04
9.468495026929234504e-01
9.719432136301667802e-01
2.566511531434055304e-01
2.753086060900521853e-02
3.342563708460724332e-03
8.143704168103450547e-01
8.743592794052382766e-01
5.759104515833785021e-01
7.092426225950875240e-01
8.929461027370789727e-01
8.790577337478882036e-01
8.835597298965874868e-01
9.499089418367663296e-01
7.389933981487770698e-01
7.103223462470592553e-01
8.909595584230876053e-01
9.636636584767900304e-01
5.888104591205010063e-01
4.591890498163416212e-01
8.346815458539271759e-01
1.457018340561849201e-01
4.456980784845041010e-01
3.909282778538046159e-05
7.539208639418935043e-01
9.597489294402044013e-01
8.251307250434138929e-01
4.400757495703015026e-03
3.571055298033604108e-02
5.350971518976045394e-01
8.537122411668336408e-01
8.592079232094871344e-01
7.361550005328086899e-01
1.230001982292406038e-01
3.215326893940005926e-01
7.437199983365069267e-01
9.249170284523677843e-01
1.125164456930930201e-01
7.820318693665618826e-01
9.654729845150986645e-01
2.040947551956300097e-03
7.043138002162707689e-02
9.393241412634439902e-01
9.084681991219967223e-01
8.534793709831869357e-01
1.354036131662596232e-01
7.503509998924547952e-01
9.525271072074580347e-01
6.819869748899322071e-01
8.384941452498634318e-01
9.719478203884854839e-01
9.089708775572292732e-01
7.584791234461135678e-01
6.784065181012221002e-01
5.411093910623566705e-01
7.979302931124097054e-01
4.333961613383930378e-01
6.925971155852727046e-01
9.498085383020846706e-01
8.746991931675593968e-01
9.444371179073018929e-01
6.674053925934821108e-03
8.045280646002300751e-01
7.519972506550089975e-01
7.198284418327863809e-01
7.559740842601968547e-01
8.730273203471274890e-01
7.458979967771854902e-01
8.719871342883002141e-01
9.672574502132864627e-01
4.415325963602955567e-02
6.430687104858824332e-01
8.631205298333251008e-01
3.188279257884379936e-02
8.655897035269730644e-01
5.803535731355117244e-01
8.854020371489391694e-01
8.865844360730884555e-01
8.918057276587114668e-01
4.362327723560309733e-01
9.504151656397953341e-01
4.281130426043731896e-02
8.404109313261491909e-01
9.287084184554114108e-01
2.299494908575657193e-01
8.486884208123800510e-01
9.225546595929731142e-01
8.606920909552129295e-01
2.248608270703798470e-02
8.556827270519483386e-02
2.252033066778737994e-03
9.565545456573777694e-02
7.327733771585147604e-01
7.669200483818097158e-01
8.125145027048398250e-01
7.754496156451098354e-01
6.550196990093328786e-01
6.916881645795192046e-02
1.620088713528099883e-02
9.560527189969783013e-01
2.884580827007051859e-02
5.797879413889319711e-01
5.916614228544406773e-01
7.649346685575797444e-01
4.250556530653253895e-01
8.628003309980650792e-01
9.591948624861313943e-01
9.266370801645461563e-01
2.620002516526578895e-02
9.155198353622217011e-01
4.468082363513901645e-01
8.578482279296094637e-01
8.558560701851806174e-01
7.300203505438219720e-01
2.332385134377118474e-01
8.748466741725819951e-01
6.338253965245173038e-01
2.170052609991670045e-01
7.960269163325546238e-01
7.260287194473635797e-01
4.227781097955843892e-01
9.159028144358493106e-01
9.135000589619658440e-01
7.230965278626710901e-01
6.946430548111021119e-01
5.802918637018420478e-01
8.228984206620247877e-01
8.151969591099360590e-01
5.079706877516191321e-01
8.862296988031312939e-01
9.087138897632120182e-02
8.464537833845373616e-01
7.082867856377212945e-01
5.509519250168891658e-01
8.240394753304511877e-01
7.613374163643531478e-01
9.540675827264790687e-01
3.314553270561435006e-01
2.253245717999330100e-01
3.656183006655541745e-01
4.766906652920137599e-01
9.039311025990248716e-01
2.877462269054834043e-01
8.863536679422572284e-01
9.560696450680209457e-01
9.470971934484240240e-01
9.339600352883671297e-01
9.240952822625728702e-01
1.762336476699042850e-03
2.493071682012740209e-01
4.954588086748200060e-01
1.718267554273971154e-01
6.017340088248959162e-01
9.877350265685579458e-03
7.810313664835070169e-01
9.623209752251393745e-01
2.775286269393646352e-02
9.059793528322284129e-01
9.413700978162197197e-01
8.227752337713780673e-01
4.050965216471830721e-01
8.988043893132138251e-01
9.110979262002246726e-01
9.377851751519937773e-01
5.602546026376758331e-02
2.671287601290616570e-02
8.700441917011686455e-01
7.792676681081933676e-01
8.724872163747707798e-01
8.047757378596442912e-01
3.635802799048045708e-01
8.679784879680383369e-01
9.020660963713021951e-01
8.664638831867562674e-01
3.025908058411492796e-01
7.904545273838496922e-01
8.072823098301815659e-01
1.807745349610888619e-01
4.281281880586666581e-03
1.406787273330523946e-01
7.157512265063497026e-01
8.042632532914494314e-01
9.814307127095054373e-01
8.691263402909834568e-01
8.924404681748224766e-01
3.938938293428336434e-04
8.107266472506624577e-01
4.858022379242083084e-03
8.834414609099616733e-01
7.098099515328982756e-01
9.119915155759955594e-01
6.390386579774810782e-02
9.625522695555250863e-01
2.036575556082595440e-01
8.824386592989310607e-01
7.135393964283369694e-01
7.746726386503753892e-01
4.651867427942153244e-04
9.130191111234088330e-01
7.297051805741755492e-02
4.172370102544222248e-01
9.759773908044966362e-01
1.041362750428459771e-01
6.003097979375587173e-02
7.691084393834314303e-01
9.236034647400258590e-01
7.501501842469396331e-02
1.785353662073664235e-02
8.543004951048660534e-01
8.984166297411036450e-02
4.198222894055139154e-01
8.734178295414913862e-01
