Support Vector Number: 255

Support Vector Indices: [  0   1   2   3   4   5   6   7   8   9  10  11  12  13  14  15  16  17
  18  19  20  21  22  23  24  25  26  27  28  29  30  31  32  33  34  35
  36  37  38  39  40  41  42  43  44  45  46  47  48  49  50  51  52  53
  54  55  56  57  58  59  60  61  62  63  64  65  66  67  68  69  70  71
  72  73  74  75  76  77  78  79  80  81  82  83  84  85  86  87  88  89
  90  91  92  93  94  95  96  97  98  99 100 101 102 103 104 105 106 107
 108 109 110 111 112 113 114 115 116 117 118 119 120 121 122 123 124 125
 126 127 128 129 130 131 132 133 134 135 136 137 138 139 140 141 142 143
 144 145 146 147 148 149 150 151 152 153 154 155 156 157 158 159 160 161
 162 163 164 165 166 167 168 169 170 171 172 173 174 175 176 177 178 179
 180 181 182 183 184 185 186 187 188 189 190 191 192 193 194 195 196 197
 198 199 200 201 202 203 204 205 206 207 208 209 210 211 212 213 214 215
 216 217 218 219 220 221 222 223 224 225 226 227 228 229 230 231 232 233
 234 235 236 237 238 239 240 241 242 243 244 245 246 247 248 249 250 251
 252 253 254]

Confusion Matrix:
TP: 23
FP: 11
TN: 24
FN: 6

Classification Report:
Accuracy: 73.43749999999886%
Precision: 67.64705882352742%
Recall: 79.31034482758348%
F1: 73.01587301582101%

Decision values for all samples:
[-0.609064 -0.906877  0.715098 -0.299369 -0.445218  0.512671  0.13536
  1.420049 -0.034851  0.873312 -0.102412 -0.171576 -0.636229  0.459604
  0.063978 -0.306123  0.887451  0.041396 -0.421963  0.041163 -0.649061
  0.38716   0.397268  1.162797  0.597155 -1.30071  -0.397377 -0.108936
  1.13037   0.227491  0.200549  1.387408  1.820157 -0.290567  0.465046
 -0.55805   1.022533 -0.503788  0.692564  0.973946 -0.568108  0.563277
  1.33831   0.541013  0.116597  0.096612 -0.890137 -0.19316  -0.605901
 -0.567182 -1.178554  0.498012 -0.648725  0.114409 -1.103067  0.497523
 -0.693678  0.210003 -0.401276 -0.134585  0.010764  0.103524 -0.053816
 -0.971534]
